839621424
459927933
472877556
751634349
258660154
399347273
172106685
008305281
428624233
358876826
899417027
594197202
010268954
187679418
704379775
011589584
685748669
721397788
812513486
222102208
002875069
537809907
541909675
440820443
085529831
969407635
427618420
011326174
499837104
637777693
495224989
047931925
553631683
811368482
716422629
887584172
133770783
099478576
911200183
898594506
636691339
602778565
7912057436
559203670
850176278
014731313
133005637
997137384
701556397
223995430
227780276
115829664
815357118
038013822
428260080
926925947
499909488
440245122
129985083
760318090
566862236
325895714
318405093
652667870
149192621
670669747
249412970
393258887
691169980
945383793
746523744
537816651
571610070
026042669
706477697
321873254
605962483
643443673
174227992
192554211
808830560
039744699
171544458
145819079
123467924
208725350
463367304
791416860
904760812
535891497
765444727
596954301
650001846
133523002
172111665
577055593
180446111
589837530
716964854
454558712
855788635
708208638
042907748
655974048
778049989
476193829
268556486
530689228
622763802
719337690)
