1
1
1
1
1
1
1
1
1
1
2
4
8
16
32
64
128
2
1
3
9
27
81
243
729
2187
3
1
4
16
64
256
1024
4096
16384
4
1
5
25
125
625
3125
15625
78125
5
1
6
36
216
1296
7776
46656
279936
6
1
7
49
343
2401
16807
117649
823543
7
1
8
64
512
4096
32768
262144
2097152
8
1
9
81
729
6561
59049
531441
4782969
9
1
10
100
1000
10000
100000
1000000
10000000
10
1
11
121
1331
14641
161051
1771561
19487171
11
1
1
1
1
1
1
1
1
1
1
2
4
8
16
32
64
128
2
1
3
9
27
81
243
729
2187
3
1
4
16
64
256
1024
4096
16384
4
1
5
25
125
625
3125
15625
78125
5
1
6
36
216
1296
7776
46656
279936
6
1
7
49
343
2401
16807
117649
823543
7
1
8
64
512
4096
32768
262144
2097152
8
1
9
81
729
6561
59049
531441
4782969
9
1
10
100
1000
10000
100000
1000000
10000000
10
1
11
121
1331
14641
161051
1771561
19487171
11
11
11
