3824
403200
32411
1246921686
437184
133650
426064088160
24076
1396359025445
377171
259440
9965228
1182720
2657280
1354755
7144200
28794173560
1450932
5945
17139
248614
2116
499905
24745896
1184
14256
103
10885
34700400
3405
170541
96000
185
656640
117013248
5271552
53238876480
909495
516
453660
2184
10270869504
25572298752
957
196
173369884
16848
6
1138536
121068
1920
217728
18195840
139106688
90876
65772000
88560
1200
100868831502336
136080
220160
51984
76180500
269568
4197193
3556224000
61155
1877337
69162
90
102415104000
4990
331211010
6152361600
237456
136080
18
780
94
36
11016
8241
3360
1005942
94530
114133
24640
18
6210
13935
28181326464
315
3360
1562652000
140
30456
925392
870912000
3276000
30940
15586650
11520
833
96418
18720
17248
99558
577152
561
12480
905
9558
316
230256
2067456
47726
13700
79920
134544
90563400
2793
786
91532
169002
2835000
210600
39069
1000
12936
13220444160
26
207003720
54
370566
8736
1428
2443584
7744896
33835
293022
840
1940400
100
2916
1380
231
25207
7060
78539
23332032
6530
4064256
537619
58788
1665
2557800
5221
16
68
158200
159
1270
93669184
763790
1528800
2576
2842800
722709
5793
1040
1296
171808
42420
10189449
42456960
4290
1667
517440
50319360
5225220
8512680960
17100
26687232
8184
224
2155510170
87360
3598
975
484
2700
192
872
1680
2808
115200
44528762880
75264
2332800
35306928
27602074
2011520
30600
45985259520
18597968226
3080
290304000
8580984960
229824
52488
3456168
2226
93312
3560
57933
1553110
3621
3927000
12096
129
191692800
82152
22540013856
132
1520400
6076
60977070
320
12856914
669592
58464
240768
390
161441280
29172150000
146376
15106500
11
1794880
15
140400
1260
91854
411
31126956
17401392
268710
183891708000
100
20
14112
10766
1912960
468052992
335160
3354400
456750
1625
1080
654544872
1008
62412
120860812800
432630
9323160
786245
19081884671640
2400
2395008075
128
26712
38
200769201
9611384832
52910
790748
3840
24080950080
1225
12
280
38606
1384
6915
23165
3865
237176749660
1862
27633
13888
8178
265
56000
8960
2754
1213337440
50806224
50519424
44526048
960180480
58212
10450944
34664
960
241080
2735616
149296
1161210
1446
1768680
90
10166112
9282
5036967936
120
15290
16562700
1098
69300
10000
538776
11592
138
640
7509600
1656
759650400
2635597440
217460303424000
420
35955
243396
31693
398320
2664116
28140
1495385271
280
1098
1165
9450
37247112
331760
18
5513184
151100
3024
3193992
15955200
545292
433237248000
201852
69867190656
30966208
57
613116
1176
168870
2496
196
696
3487380480
59298330
7760
1232886
39767760
479232
124866
16256
424224
471312
35904
155925
101607840
340789638435483
Part 2 took 17106609 nanoseconds
